DateTime	Latitude_N	Longitude_E	Speed	Course	Altitude_m	HDOP	VDOP	SatelliteCount	ShowInKML	GSM_ID	file_date
2015-08-06 19:05:14	32.89061	-4.83085	0	184	1118	2.1	4.1	6	1	00000132	2015-08-06
2015-08-06 18:24:45	32.89989	-4.83239	1	224	1407	1.2	1.3	8	1	00000132	2015-08-06
2015-08-06 17:46:27	32.90167	-4.83014	0	9	1404	1.3	1.5	9	1	00000132	2015-08-06
2015-08-06 17:08:07	32.90173	-4.83000	0	0	1404	0.9	1.2	10	1	00000132	2015-08-06
2015-08-06 16:31:25	32.90116	-4.83094	0	0	1399	1.5	1.8	5	1	00000132	2015-08-06
2015-08-06 15:51:13	32.90131	-4.83211	0	29	1367	1.6	2.5	5	1	00000132	2015-08-06
2015-08-06 15:08:54	32.89963	-4.83434	0	0	1357	1.3	1.7	7	1	00000132	2015-08-06
2015-08-06 14:24:31	32.89971	-4.83412	0	0	1499	1.2	1.7	7	1	00000132	2015-08-06
2015-08-06 13:38:53	32.89953	-4.83433	0	0	1423	1.1	1.5	7	1	00000132	2015-08-06
2015-08-06 12:50:01	32.89950	-4.83431	0	0	1422	1.0	1.5	9	1	00000132	2015-08-06
2015-08-06 12:03:40	32.89961	-4.83446	0	0	1423	7.4	18.4	4	1	00000132	2015-08-06
2015-08-06 11:11:19	32.89926	-4.83451	0	0	1419	1.4	2.0	6	1	00000132	2015-08-06
2015-08-06 10:16:32	32.89843	-4.83336	0	0	1414	1.0	1.3	8	1	00000132	2015-08-06
2015-08-06 09:18:51	32.90149	-4.83185	0	0	1418	1.8	3.6	5	1	00000132	2015-08-06
2015-08-06 08:16:07	32.90175	-4.83093	0	0	1419	1.4	1.9	7	1	00000132	2015-08-06
2015-08-06 07:04:05	32.89941	-4.83161	1	358	1417	1.0	1.3	7	1	00000132	2015-08-06
2015-08-06 05:47:52	32.89029	-4.82757	0	8	1411	1.0	1.6	8	1	00000132	2015-08-06
2015-08-06 03:22:52	32.88374	-4.82835	0	0	1363	1.7	3.5	6	1	00000132	2015-08-06
2015-08-06 01:01:40	32.88361	-4.82818	0	0	1399	1.7	3.5	5	1	00000132	2015-08-06
2015-08-07 07:46:51	33.16992	-3.78526	0	0	863	2.3	3.7	6	1	00000134	2015-08-07
2015-08-07 06:40:31	33.17256	-3.78851	1	75	856	1.2	1.4	7	1	00000134	2015-08-07
2015-08-07 04:46:22	33.16806	-3.80343	0	0	854	3.6	4.2	4	1	00000134	2015-08-07
2015-08-07 02:21:49	33.16932	-3.80446	0	0	853	2.0	1.9	5	1	00000134	2015-08-07
2015-08-07 00:01:26	33.16939	-3.80450	0	0	855	1.1	1.4	8	1	00000134	2015-08-07
2015-08-06 21:44:02	33.16942	-3.80450	0	119	859	1.2	2.0	8	1	00000134	2015-08-07
2015-08-06 19:27:34	33.16814	-3.80424	0	0	855	1.2	2.1	8	1	00000134	2015-08-07
2015-08-06 18:20:22	33.17020	-3.80172	1	146	864	1.7	3.1	7	1	00000134	2015-08-07
2015-08-06 17:19:29	33.17120	-3.79548	0	0	843	1.8	1.6	5	1	00000134	2015-08-07
2015-08-06 16:17:12	33.16949	-3.79153	0	0	840	1.3	1.6	7	1	00000134	2015-08-07
2015-08-06 15:12:46	33.16906	-3.78998	0	0	867	1.4	2.8	6	1	00000134	2015-08-07
2015-08-06 14:05:40	33.16804	-3.79129	0	0	866	5.8	4.5	5	1	00000134	2015-08-07
2015-08-06 13:02:24	33.16894	-3.79008	0	55	865	1.6	2.2	6	1	00000134	2015-08-07
2015-08-06 11:59:52	33.16896	-3.79009	0	0	861	1.5	2.3	6	1	00000134	2015-08-07
2015-08-06 10:58:54	33.16893	-3.79013	0	191	849	4.4	5.3	5	1	00000134	2015-08-07
2015-08-06 10:00:15	33.16896	-3.79006	0	0	847	1.6	2.4	5	1	00000134	2015-08-07
2015-08-06 09:05:29	33.16897	-3.79007	0	0	855	1.7	4.6	5	1	00000134	2015-08-07
2015-08-06 08:11:08	33.16894	-3.79001	0	0	857	1.4	2.0	7	1	00000134	2015-08-07
2015-08-06 07:14:30	33.16960	-3.78562	0	157	857	1.1	1.2	6	1	00000134	2015-08-07
2015-08-06 06:14:23	33.17026	-3.78480	0	156	855	1.1	1.6	7	1	00000134	2015-08-07
2015-08-06 04:05:07	33.17255	-3.80518	0	0	845	1.6	1.9	6	1	00000134	2015-08-07
2015-08-06 02:00:41	33.17242	-3.80551	0	0	845	1.5	2.1	7	1	00000134	2015-08-07
2015-08-06 00:00:36	33.17413	-3.80280	0	0	854	1.4	2.2	7	1	00000134	2015-08-07
2015-08-06 06:01:25	33.26884	-3.88754	1	32	899	1.0	1.6	8	1	00000136	2015-08-06
2015-08-06 03:28:11	33.27086	-3.87542	0	0	887	3.1	4.4	4	1	00000136	2015-08-06
2015-08-06 00:59:38	33.26812	-3.87873	0	0	895	1.0	1.8	7	1	00000136	2015-08-06
2015-08-06 12:26:07	33.24600	-3.83562	0	0	824	1.2	1.9	8	1	00000143	2015-08-06
2015-08-06 11:41:59	33.24604	-3.83556	0	99	845	2.4	5.2	5	1	00000143	2015-08-06
2015-08-06 10:57:20	33.24598	-3.83561	0	48	828	1.1	1.6	7	1	00000143	2015-08-06
2015-08-06 10:13:03	33.24597	-3.83561	0	0	831	0.8	1.3	9	1	00000143	2015-08-06
2015-08-06 09:26:43	33.24613	-3.83551	0	0	848	0.8	1.2	9	1	00000143	2015-08-06
2015-08-06 08:39:32	33.24623	-3.83523	0	0	857	7.6	5.5	4	1	00000143	2015-08-06
2015-08-06 07:51:57	33.24931	-3.83345	2	248	815	1.1	1.4	7	1	00000143	2015-08-06
2015-08-06 06:51:17	33.24626	-3.82563	0	0	825	2.1	3.0	5	1	00000143	2015-08-06
2015-08-06 05:46:57	33.24996	-3.83858	0	0	841	1.0	1.5	8	1	00000143	2015-08-06
2015-08-06 03:42:37	33.25740	-3.84800	0	0	846	1.0	1.2	8	1	00000143	2015-08-06
2015-08-06 01:42:22	33.25745	-3.84794	0	0	835	1.6	3.0	4	1	00000143	2015-08-06
2015-08-07 06:43:22	33.16043	-3.80450	0	117	859	2.2	4.0	5	1	00000152	2015-08-07
2015-08-07 05:32:44	33.15855	-3.80735	0	227	826	1.4	1.6	5	1	00000152	2015-08-07
2015-08-07 03:12:01	33.15837	-3.81745	1	51	861	1.2	1.9	8	1	00000152	2015-08-07
2015-08-07 00:55:09	33.15799	-3.81774	0	0	860	1.2	2.0	7	1	00000152	2015-08-07
2015-08-07 06:23:46	33.20061	-3.90364	1	80	868	2.4	4.3	5	1	00000153	2015-08-07
2015-08-07 03:14:37	33.19897	-3.90705	0	0	868	1.6	1.9	7	1	00000153	2015-08-07
2015-08-06 12:22:53	33.27302	-3.83545	0	0	863	3.1	5.8	5	1	00000255	2015-08-06
2015-08-06 10:54:16	33.27284	-3.83513	0	0	855	1.6	3.0	5	1	00000255	2015-08-06
2015-08-06 09:23:38	33.27285	-3.83514	0	0	851	1.1	1.4	7	1	00000255	2015-08-06
2015-08-06 07:54:36	33.27254	-3.83424	0	0	860	1.6	2.5	7	1	00000255	2015-08-06
2015-08-06 06:18:37	33.27343	-3.82968	1	49	852	1.3	1.7	7	1	00000255	2015-08-06
2015-08-06 03:05:17	33.28029	-3.83401	0	0	870	2.1	4.1	6	1	00000255	2015-08-06
2015-08-06 15:29:08	33.28572	-3.85821	0	0	881	1.8	3.1	6	1	00000256	2015-08-06
2015-08-06 13:56:01	33.28580	-3.85812	0	233	881	1.2	1.7	7	1	00000256	2015-08-06
2015-08-06 12:25:45	33.28573	-3.85812	0	0	880	1.4	2.0	6	1	00000256	2015-08-06
2015-08-06 10:56:22	33.28575	-3.85813	0	146	880	1.3	2.6	6	1	00000256	2015-08-06
2015-08-06 09:31:36	33.28573	-3.85821	0	144	889	1.0	1.3	8	1	00000256	2015-08-06
2015-08-06 08:08:19	33.28650	-3.86020	0	0	889	1.4	3.4	7	1	00000256	2015-08-06
2015-08-06 06:43:07	33.28742	-3.86122	1	307	897	1.1	1.4	8	1	00000256	2015-08-06
2015-08-06 03:50:26	33.27880	-3.86167	0	0	886	1.2	1.7	7	1	00000256	2015-08-06
2015-08-06 00:57:05	33.27899	-3.86610	0	169	875	1.2	2.1	7	1	00000256	2015-08-06
2015-08-06 07:09:57	33.14941	-3.69670	0	0	911	10.6	4.6	4	1	00000259	2015-08-06
2015-08-06 06:07:10	33.15007	-3.69687	0	77	902	1.4	2.0	5	1	00000259	2015-08-06
2015-08-06 04:02:18	33.15569	-3.68695	0	99	905	1.5	2.4	7	1	00000259	2015-08-06
2015-08-06 02:01:22	33.15579	-3.68818	0	0	900	2.6	4.2	5	1	00000259	2015-08-06
2015-08-06 00:04:13	33.15776	-3.68802	0	358	899	2.1	2.4	5	1	00000259	2015-08-06
2015-08-06 16:32:09	33.12832	-3.98778	0	0	932	1.3	2.9	7	1	00000266	2015-08-06
2015-08-06 15:55:57	33.12913	-3.98757	0	169	932	1.1	1.6	9	1	00000266	2015-08-06
2015-08-06 15:20:05	33.12970	-3.98840	0	0	934	1.3	1.9	5	1	00000266	2015-08-06
2015-08-06 14:45:57	33.12969	-3.98841	0	12	936	1.4	1.8	6	1	00000266	2015-08-06
2015-08-06 14:07:52	33.12969	-3.98839	0	0	940	3.4	6.5	5	1	00000266	2015-08-06
2015-08-06 13:31:12	33.12968	-3.98842	0	0	941	2.1	1.8	6	1	00000266	2015-08-06
2015-08-06 12:54:07	33.12968	-3.98842	0	0	939	1.5	1.8	6	1	00000266	2015-08-06
2015-08-06 12:17:42	33.12972	-3.98843	0	353	933	1.8	2.1	5	1	00000266	2015-08-06
2015-08-06 11:42:05	33.12970	-3.98841	0	0	935	1.3	1.7	6	1	00000266	2015-08-06
2015-08-06 11:09:22	33.12971	-3.98846	0	0	929	1.3	1.5	6	1	00000266	2015-08-06
2015-08-06 10:38:43	33.12969	-3.98843	0	0	933	1.1	1.7	7	1	00000266	2015-08-06
2015-08-06 10:09:56	33.12970	-3.98844	0	325	934	2.6	1.8	5	1	00000266	2015-08-06
2015-08-06 09:41:45	33.12970	-3.98843	0	149	935	1.6	2.3	6	1	00000266	2015-08-06
2015-08-06 09:13:15	33.12969	-3.98843	0	0	933	1.7	3.2	6	1	00000266	2015-08-06
2015-08-06 08:44:48	33.13013	-3.99105	1	118	933	1.9	2.7	6	1	00000266	2015-08-06
2015-08-06 08:15:28	33.13114	-3.99722	0	0	945	1.4	1.8	7	1	00000266	2015-08-06
2015-08-06 07:43:14	33.13066	-3.99608	0	198	947	0.9	4.0	9	1	00000266	2015-08-06
2015-08-06 07:06:11	33.13053	-3.99432	0	0	940	1.1	1.5	5	1	00000266	2015-08-06
2015-08-06 06:21:46	33.13034	-3.99579	1	96	939	1.1	1.6	6	1	00000266	2015-08-06
2015-08-06 05:34:20	33.13103	-3.99548	0	341	943	1.2	1.8	7	1	00000266	2015-08-06
2015-08-06 04:05:36	33.12906	-3.99447	0	112	942	0.8	1.1	9	1	00000266	2015-08-06
2015-08-06 02:36:38	33.12905	-3.99455	0	0	941	2.0	1.5	5	1	00000266	2015-08-06
2015-08-06 01:11:23	33.12907	-3.99441	0	121	943	2.4	2.5	5	1	00000266	2015-08-06
2015-08-07 07:09:34	33.28823	-3.81168	0	255	861	3.2	2.3	5	1	00000277	2015-08-07
2015-08-07 06:23:02	33.28749	-3.81068	0	0	855	1.4	1.7	6	1	00000277	2015-08-07
2015-08-07 04:46:14	33.28937	-3.81261	0	0	859	1.5	2.5	7	1	00000277	2015-08-07
2015-08-07 03:09:36	33.29129	-3.80966	0	0	845	3.0	6.2	4	1	00000277	2015-08-07
2015-08-07 01:37:42	33.29141	-3.80950	0	0	858	1.1	1.9	8	1	00000277	2015-08-07
2015-08-07 00:08:31	33.29141	-3.80950	0	0	861	1.4	2.4	7	1	00000277	2015-08-07
2015-08-06 22:39:21	33.29143	-3.80948	0	0	861	1.0	1.7	7	1	00000277	2015-08-07
2015-08-06 21:14:20	33.29142	-3.80949	0	0	868	1.4	1.9	7	1	00000277	2015-08-07
2015-08-06 19:50:52	33.29129	-3.80944	0	0	865	1.1	1.6	9	1	00000277	2015-08-07
2015-08-06 19:08:34	33.28970	-3.81135	0	0	860	1.2	1.9	9	1	00000277	2015-08-07
2015-08-06 18:26:22	33.28732	-3.81018	0	0	855	1.0	1.3	9	1	00000277	2015-08-07
2015-08-06 17:45:36	33.28591	-3.80900	0	274	854	2.1	2.6	6	1	00000277	2015-08-07
2015-08-06 17:09:38	33.27989	-3.81160	0	72	869	1.7	1.7	6	1	00000277	2015-08-07
2015-08-06 16:33:32	33.27603	-3.81390	0	0	851	1.0	1.4	8	1	00000277	2015-08-07
2015-08-06 15:57:27	33.27607	-3.81394	0	0	849	1.3	1.9	8	1	00000277	2015-08-07
2015-08-06 15:21:30	33.27575	-3.81419	0	0	846	0.9	2.6	10	1	00000277	2015-08-07
2015-08-06 14:44:12	33.27573	-3.81423	0	0	844	1.4	8.7	6	1	00000277	2015-08-07
2015-08-06 14:08:00	33.27575	-3.81419	0	0	848	1.6	1.7	5	1	00000277	2015-08-07
2015-08-06 13:33:50	33.27573	-3.81419	0	0	847	1.3	1.9	7	1	00000277	2015-08-07
2015-08-06 12:59:33	33.27573	-3.81420	0	0	849	1.1	1.6	8	1	00000277	2015-08-07
2015-08-06 12:25:33	33.27574	-3.81421	0	0	846	1.1	1.5	8	1	00000277	2015-08-07
2015-08-06 11:52:14	33.27570	-3.81420	0	0	842	1.6	2.0	7	1	00000277	2015-08-07
2015-08-06 11:20:00	33.27574	-3.81422	0	346	846	1.0	1.6	8	1	00000277	2015-08-07
2015-08-06 10:49:31	33.27574	-3.81421	0	0	845	1.4	2.0	6	1	00000277	2015-08-07
2015-08-06 10:19:08	33.27573	-3.81422	0	0	843	1.2	1.4	7	1	00000277	2015-08-07
2015-08-06 09:50:45	33.27573	-3.81420	0	0	839	2.1	3.1	5	1	00000277	2015-08-07
2015-08-06 09:22:22	33.27020	-3.81556	0	0	833	1.7	3.4	5	1	00000277	2015-08-07
2015-08-06 08:47:58	33.26962	-3.81515	0	298	835	1.5	2.4	6	1	00000277	2015-08-07
2015-08-06 08:11:18	33.27138	-3.81706	0	0	843	1.1	1.3	6	1	00000277	2015-08-07
2015-08-06 07:31:07	33.28268	-3.81541	2	182	854	1.1	1.2	7	1	00000277	2015-08-07
2015-08-06 06:46:30	33.28685	-3.81392	0	248	859	1.1	1.4	7	1	00000277	2015-08-07
2015-08-06 05:59:41	33.29143	-3.81390	0	0	862	1.2	2.2	5	1	00000277	2015-08-07
2015-08-06 04:27:37	33.28665	-3.80888	0	0	852	1.0	1.6	7	1	00000277	2015-08-07
2015-08-06 02:54:23	33.28737	-3.81018	0	0	856	2.4	2.1	4	1	00000277	2015-08-07
2015-08-06 01:25:34	33.28764	-3.81053	0	42	854	1.4	2.9	6	1	00000277	2015-08-07
2015-08-06 17:06:53	32.95326	-4.87303	1	273	1543	1.1	1.6	8	1	00000428	2015-08-06
2015-08-06 16:50:51	32.95333	-4.87189	1	272	1538	1.1	1.9	8	1	00000428	2015-08-06
2015-08-06 16:34:37	32.95273	-4.87019	0	0	1539	1.1	2.5	8	1	00000428	2015-08-06
2015-08-06 16:14:16	32.95283	-4.86977	0	0	1539	1.0	1.6	9	1	00000428	2015-08-06
2015-08-06 15:54:02	32.95285	-4.86994	0	0	1531	0.9	1.5	10	1	00000428	2015-08-06
2015-08-06 15:33:38	32.95228	-4.87054	0	145	1536	0.9	1.5	10	1	00000428	2015-08-06
2015-08-06 15:15:31	32.95252	-4.87007	0	0	1535	1.7	6.4	6	1	00000428	2015-08-06
2015-08-06 14:57:09	32.95351	-4.86928	0	195	1540	1.1	1.7	8	1	00000428	2015-08-06
2015-08-06 14:28:02	32.95373	-4.86910	0	0	1538	1.0	1.7	8	1	00000428	2015-08-06
2015-08-06 13:59:20	32.95374	-4.86911	0	202	1536	1.3	1.9	6	1	00000428	2015-08-06
2015-08-06 13:30:10	32.95371	-4.86912	0	207	1541	1.4	2.8	6	1	00000428	2015-08-06
2015-08-06 13:03:54	32.95396	-4.86900	0	97	1538	1.1	1.6	8	1	00000428	2015-08-06
2015-08-06 12:35:31	32.95420	-4.86656	0	0	1538	1.0	1.6	8	1	00000428	2015-08-06
2015-08-06 12:01:32	32.95420	-4.86655	0	0	1536	1.0	1.4	8	1	00000428	2015-08-06
2015-08-06 11:29:06	32.95419	-4.86655	0	290	1540	1.4	2.0	6	1	00000428	2015-08-06
2015-08-06 10:56:48	32.95418	-4.86656	0	0	1537	1.6	3.0	5	1	00000428	2015-08-06
2015-08-06 10:24:35	32.95420	-4.86652	0	0	1534	1.7	3.2	5	1	00000428	2015-08-06
2015-08-06 09:52:17	32.95417	-4.86652	0	139	1535	1.0	1.3	7	1	00000428	2015-08-06
2015-08-06 09:21:07	32.95420	-4.86656	0	144	1534	1.2	1.3	7	1	00000428	2015-08-06
2015-08-06 08:48:52	32.95430	-4.86631	0	0	1536	1.7	2.4	6	1	00000428	2015-08-06
2015-08-06 08:10:39	32.95410	-4.87049	0	130	1537	1.2	1.8	7	1	00000428	2015-08-06
2015-08-06 07:26:40	32.95260	-4.86754	0	52	1530	1.4	1.8	6	1	00000428	2015-08-06
2015-08-06 06:36:56	32.94937	-4.86728	0	182	1527	1.6	1.9	5	1	00000428	2015-08-06
2015-08-06 05:24:55	32.95459	-4.86601	1	70	1537	1.2	1.3	6	1	00000428	2015-08-06
2015-08-06 03:48:39	32.95459	-4.86904	0	0	1539	1.3	1.9	7	1	00000428	2015-08-06
2015-08-06 02:12:56	32.95459	-4.86907	0	0	1539	1.0	1.4	8	1	00000428	2015-08-06
2015-08-06 00:40:28	32.95468	-4.86909	0	0	1539	2.0	3.0	5	1	00000428	2015-08-06
2015-08-06 12:47:02	33.25267	-3.92758	0	0	942	1.0	1.6	9	1	00000437	2015-08-06
2015-08-06 11:48:20	33.25268	-3.92759	0	0	939	2.3	4.8	5	1	00000437	2015-08-06
2015-08-06 10:51:05	33.25251	-3.92799	0	0	936	1.1	1.7	7	1	00000437	2015-08-06
2015-08-06 09:54:53	33.25251	-3.92801	0	0	943	1.2	2.1	7	1	00000437	2015-08-06
2015-08-06 09:00:25	33.25245	-3.92796	0	0	941	1.8	5.2	5	1	00000437	2015-08-06
2015-08-06 08:03:23	33.25164	-3.92724	0	309	937	1.5	2.3	7	1	00000437	2015-08-06
2015-08-06 07:04:57	33.25164	-3.92653	0	0	937	1.1	1.5	5	1	00000437	2015-08-06
2015-08-06 06:02:48	33.25186	-3.93068	1	45	947	1.7	2.6	5	1	00000437	2015-08-06
2015-08-06 03:57:07	33.25426	-3.92940	0	0	947	1.4	3.3	6	1	00000437	2015-08-06
2015-08-06 01:56:29	33.25646	-3.93121	0	0	952	1.5	2.1	7	1	00000437	2015-08-06
2015-08-07 05:11:07	33.29632	-3.82922	0	0	883	1.2	1.5	6	1	00000438	2015-08-07
2015-08-07 02:46:25	33.29643	-3.83092	0	304	884	1.3	1.2	7	1	00000438	2015-08-07
2015-08-07 00:21:43	33.29639	-3.83084	0	0	885	1.4	2.5	7	1	00000438	2015-08-07
2015-08-06 07:01:25	32.90699	-4.92078	0	0	1516	1.4	1.5	5	1	00000441	2015-08-06
2015-08-06 06:25:08	32.90684	-4.92304	0	0	1526	1.1	1.5	7	1	00000441	2015-08-06
2015-08-06 05:12:34	32.90920	-4.92445	1	244	1527	1.0	1.6	8	1	00000441	2015-08-06
2015-08-06 04:00:52	32.90997	-4.92407	0	0	1524	1.5	2.2	6	1	00000441	2015-08-06
2015-08-06 02:48:57	32.90995	-4.92406	0	0	1524	1.0	1.3	8	1	00000441	2015-08-06
2015-08-06 01:40:33	32.90997	-4.92405	0	0	1523	0.8	1.2	10	1	00000441	2015-08-06
2015-08-06 00:31:20	32.90993	-4.92400	0	0	1524	2.0	3.6	5	1	00000441	2015-08-06
2015-08-06 15:43:38	33.20267	-3.91873	0	0	893	1.3	1.3	7	1	00000443	2015-08-06
2015-08-06 14:39:07	33.20266	-3.91872	0	0	887	1.1	1.6	7	1	00000443	2015-08-06
2015-08-06 13:36:19	33.20261	-3.91865	0	0	897	1.4	1.7	5	1	00000443	2015-08-06
2015-08-06 12:36:07	33.20264	-3.91872	0	0	889	1.6	1.7	6	1	00000443	2015-08-06
2015-08-06 11:35:49	33.20260	-3.91874	0	0	875	1.2	1.4	7	1	00000443	2015-08-06
2015-08-06 10:36:08	33.20254	-3.91863	0	0	886	4.8	4.0	4	1	00000443	2015-08-06
2015-08-06 09:39:49	33.20270	-3.91879	0	250	886	1.1	1.9	7	1	00000443	2015-08-06
2015-08-06 08:43:37	33.20270	-3.91895	0	0	886	1.2	1.6	8	1	00000443	2015-08-06
2015-08-06 07:47:00	33.20154	-3.91843	0	0	883	1.2	1.4	6	1	00000443	2015-08-06
2015-08-06 06:42:31	33.20275	-3.92066	0	315	883	1.6	1.6	5	1	00000443	2015-08-06
2015-08-06 04:28:15	33.20017	-3.91701	0	0	875	1.5	2.3	7	1	00000443	2015-08-06
2015-08-06 02:07:52	33.20109	-3.91774	0	108	880	1.4	1.7	6	1	00000443	2015-08-06
2015-08-06 12:58:13	32.89827	-4.91207	0	0	1455	1.3	1.8	6	1	00000445	2015-08-06
2015-08-06 12:05:22	32.89832	-4.91207	0	0	1456	1.5	2.1	6	1	00000445	2015-08-06
2015-08-06 11:12:48	32.89832	-4.91209	0	0	1455	1.5	2.6	5	1	00000445	2015-08-06
2015-08-06 10:20:20	32.89829	-4.91164	0	0	1449	1.3	1.8	6	1	00000445	2015-08-06
2015-08-06 09:27:26	32.89846	-4.91164	0	0	1453	1.2	2.0	7	1	00000445	2015-08-06
2015-08-06 08:34:16	32.89707	-4.91331	0	0	1454	2.5	11.1	4	1	00000445	2015-08-06
2015-08-06 07:39:32	32.89256	-4.92146	0	0	1451	1.8	3.1	6	1	00000445	2015-08-06
2015-08-06 06:42:39	32.89221	-4.92392	0	85	1451	1.8	2.3	6	1	00000445	2015-08-06
2015-08-06 05:06:52	32.89914	-4.91494	1	202	1458	1.0	1.4	8	1	00000445	2015-08-06
2015-08-06 03:10:24	32.90063	-4.91474	0	0	1459	1.9	1.7	5	1	00000445	2015-08-06
2015-08-06 01:14:22	32.90065	-4.91488	0	0	1460	1.0	2.0	8	1	00000445	2015-08-06
2015-08-06 07:43:54	33.23068	-3.86349	0	57	839	1.6	2.6	8	1	00000446	2015-08-06
2015-08-06 06:36:16	33.23053	-3.86190	0	0	832	1.1	1.6	6	1	00000446	2015-08-06
2015-08-06 04:30:06	33.22137	-3.84745	0	318	822	1.0	1.6	8	1	00000446	2015-08-06
2015-08-06 02:16:04	33.22103	-3.84731	1	124	831	1.2	1.9	6	1	00000446	2015-08-06
2015-08-06 00:07:14	33.22228	-3.84901	0	168	826	1.4	2.1	7	1	00000446	2015-08-06
2015-08-07 07:20:46	32.89178	-4.86835	0	0	1419	1.5	2.4	7	1	00000447	2015-08-07
2015-08-07 06:29:55	32.89172	-4.87706	0	0	1426	1.5	1.6	6	1	00000447	2015-08-07
2015-08-07 05:24:30	32.89114	-4.86964	0	61	1417	2.2	2.4	5	1	00000447	2015-08-07
2015-08-07 03:48:37	32.89077	-4.87183	0	0	1421	1.3	1.9	6	1	00000447	2015-08-07
2015-08-07 02:12:28	32.89073	-4.87274	0	0	1423	1.9	2.1	5	1	00000447	2015-08-07
2015-08-07 00:36:40	32.89076	-4.87278	0	0	1422	1.8	2.5	6	1	00000447	2015-08-07
2015-08-06 23:03:24	32.89075	-4.87278	0	0	1425	2.7	3.0	5	1	00000447	2015-08-07
2015-08-06 21:31:37	32.89077	-4.87278	0	0	1431	1.1	1.5	8	1	00000447	2015-08-07
2015-08-06 20:01:13	32.89076	-4.87279	0	0	1427	1.2	2.1	7	1	00000447	2015-08-07
2015-08-06 19:38:56	32.89056	-4.87223	0	280	1428	1.4	2.6	7	1	00000447	2015-08-07
2015-08-06 19:18:47	32.89039	-4.87128	0	0	1423	1.5	2.8	7	1	00000447	2015-08-07
2015-08-06 18:58:34	32.88991	-4.87433	0	48	1425	1.1	1.3	8	1	00000447	2015-08-07
2015-08-06 18:38:25	32.89085	-4.87682	0	212	1427	1.0	1.1	9	1	00000447	2015-08-07
2015-08-06 18:19:44	32.89142	-4.87905	0	330	1424	2.5	2.5	7	1	00000447	2015-08-07
2015-08-06 18:03:21	32.88894	-4.87940	0	329	1423	2.2	2.6	7	1	00000447	2015-08-07
2015-08-06 17:46:58	32.88820	-4.87821	0	262	1422	2.0	2.5	8	1	00000447	2015-08-07
2015-08-06 17:32:43	32.88766	-4.87471	0	266	1417	1.9	2.7	8	1	00000447	2015-08-07
2015-08-06 17:20:16	32.88730	-4.87275	0	205	1418	1.1	1.4	9	1	00000447	2015-08-07
2015-08-06 17:08:08	32.88757	-4.87148	1	306	1425	1.0	1.5	9	1	00000447	2015-08-07
2015-08-06 16:55:58	32.88707	-4.87223	0	41	1419	1.0	1.6	9	1	00000447	2015-08-07
2015-08-06 16:45:35	32.88654	-4.87171	0	211	1418	1.0	1.8	9	1	00000447	2015-08-07
2015-08-06 16:35:15	32.88707	-4.87162	0	0	1422	1.0	1.8	9	1	00000447	2015-08-07
2015-08-06 16:22:00	32.88706	-4.87201	0	212	1430	1.1	3.4	9	1	00000447	2015-08-07
2015-08-06 16:03:31	32.88791	-4.87116	0	186	1424	1.3	1.7	7	1	00000447	2015-08-07
2015-08-06 15:41:21	32.88880	-4.87059	0	0	1412	1.3	1.8	7	1	00000447	2015-08-07
2015-08-06 15:16:03	32.88965	-4.87078	0	0	1420	1.0	1.8	8	1	00000447	2015-08-07
2015-08-06 14:51:52	32.88968	-4.87061	0	0	1425	1.4	2.0	7	1	00000447	2015-08-07
2015-08-06 14:28:51	32.88960	-4.87043	0	281	1430	2.6	4.2	4	1	00000447	2015-08-07
2015-08-06 14:04:22	32.88972	-4.87095	0	0	1421	4.1	5.8	5	1	00000447	2015-08-07
2015-08-06 13:33:41	32.88954	-4.87192	0	0	1420	1.6	2.8	5	1	00000447	2015-08-07
2015-08-06 13:03:02	32.88955	-4.87192	0	0	1419	1.3	1.8	6	1	00000447	2015-08-07
2015-08-06 12:34:46	32.88956	-4.87188	0	0	1421	1.3	1.9	6	1	00000447	2015-08-07
2015-08-06 12:06:20	32.88955	-4.87192	0	0	1422	1.5	2.1	6	1	00000447	2015-08-07
2015-08-06 11:39:40	32.88956	-4.87193	0	0	1422	1.2	1.6	7	1	00000447	2015-08-07
2015-08-06 11:15:04	32.88954	-4.87195	0	0	1421	1.2	2.0	6	1	00000447	2015-08-07
2015-08-06 10:50:40	32.88955	-4.87192	0	0	1419	1.1	1.7	7	1	00000447	2015-08-07
2015-08-06 10:28:22	32.88956	-4.87189	0	158	1416	0.9	1.4	8	1	00000447	2015-08-07
2015-08-06 10:06:10	32.88947	-4.87187	0	0	1418	0.8	1.3	9	1	00000447	2015-08-07
2015-08-06 09:42:01	32.88948	-4.87185	0	143	1417	0.8	1.3	9	1	00000447	2015-08-07
2015-08-06 09:19:23	32.88932	-4.87170	1	296	1418	1.7	3.0	6	1	00000447	2015-08-07
2015-08-06 08:52:52	32.89041	-4.86863	1	229	1419	1.8	4.1	6	1	00000447	2015-08-07
2015-08-06 08:14:07	32.89152	-4.86724	0	86	1419	1.5	2.0	5	1	00000447	2015-08-07
2015-08-06 07:29:52	32.88951	-4.87061	1	30	1421	1